1418091063915 1946
1418091664013 1946
1418092264106 1946
1418092864221 1946
1418093464309 1946
1418094064418 1945
1418094664670 1945
1418095264617 1945
1418095865011 1945
1418096464821 1945
1418097065959 1945
1418097665022 1945
1418098265124 1945
1418098865239 1945
1418099465436 1946
1418100065432 1946
1418100665539 1945
1418101265862 1945
1418101865730 1945
1418102465841 1944
1418103065940 1944
1418103666050 1945
1418104266150 1944
1418104866248 1944
1418105466415 1944
1418106066448 1944
1418106666559 1944
1418107266736 1945
1418107866757 1944
1418108466856 1944
1418109066959 1944
1418109667055 1944
1418110267170 1944
1418110867325 1944
1418111467371 1944
1418112067466 1944
1418112667573 1944
1418113267823 1944
1418113867768 1944
1418114467881 1944
1418115067976 1946
1418115668085 1946
1418116268176 1945
1418116868305 1944
1418117468388 1943
1418118068480 1943
1418118668585 1943
1418119268800 1943
1418119868793 1943
1418120468900 1943
1418121068982 1943
1418121669094 1943
1418122269190 1944
1418122869290 1944
1418123469398 1944
1418124069500 1944
1418124669600 1944
1418125269703 1944
1418125869807 1945
1418126469902 1945
1418127070128 1945
1418127670099 1945
1418128270211 1945
1418128870421 1945
1418129470413 1945
1418130070515 1945
1418130670607 1945
1418131270717 1946
1418131870810 1946
1418132470921 1946
1418133071050 1946
1418133671118 1946
1418134271227 1944
1418134871320 1944
1418135471418 1944
1418136071524 1944
1418136671618 1944
1418137272055 1946
1418137871820 1946
1418138471925 1948
1418139072029 1948
1418139672171 1948
1418140272229 1947
1418140872331 1947
1418141472436 1947
1418142072539 1947
1418142672653 1947
1418143272742 1947
1418143872849 1947
1418144472965 1947
1418145073052 1947
1418145673179 1947
1418146273261 1946
1418146873355 1943
1418147473425 1943
1418148073521 1943
1418148673626 1941
1418149273724 1941
1418149873829 1940
1418150473931 1940
1418151074035 1941
1418151674127 1942
1418152274240 1942
1418152874328 1942
1418153474453 1942
1418154074549 1942
1418154674641 1941
1418155274750 1941
1418155874879 1941
